 1.2470000000E+03
 1.2390000000E+03
 1.2250000000E+03
 1.2360000000E+03
 1.2220000000E+03
 1.2110000000E+03
 1.2520000000E+03
 1.2530000000E+03
 1.2400000000E+03
 1.2420000000E+03
 1.2140000000E+03
 1.2030000000E+03
 1.1590000000E+03
 1.1270000000E+03
 1.1160000000E+03
 1.1050000000E+03
 1.0840000000E+03
 1.0780000000E+03
 1.1290000000E+03
 1.4740000000E+03
 1.2180000000E+03
 8.9600000000E+02
 9.1000000000E+02
 9.9900000000E+02
 1.0150000000E+03
 9.9900000000E+02
 1.0010000000E+03
 1.0060000000E+03
 1.0130000000E+03
 1.0150000000E+03
 1.0290000000E+03
 1.0520000000E+03
 1.0730000000E+03
 1.0860000000E+03
 1.1050000000E+03
 1.0680000000E+03
 1.0240000000E+03
 9.9000000000E+02
 9.4400000000E+02
 9.3500000000E+02
 9.1900000000E+02
 8.9400000000E+02
 9.2300000000E+02
 8.9100000000E+02
 8.9200000000E+02
 9.0000000000E+02
 9.3300000000E+02
 9.3400000000E+02
 9.2900000000E+02
 9.1600000000E+02
 9.0000000000E+02
 8.9300000000E+02
 8.3100000000E+02
 8.2000000000E+02
 8.3300000000E+02
 8.2100000000E+02
 8.1000000000E+02
 8.2000000000E+02
 8.6200000000E+02
 1.2190000000E+03
 1.1190000000E+03
 6.1800000000E+02
 6.6000000000E+02
 7.8900000000E+02
 7.8900000000E+02
 7.8600000000E+02
 8.0500000000E+02
 8.0400000000E+02
 8.2700000000E+02
 8.3300000000E+02
 8.2300000000E+02
 8.8300000000E+02
 9.2400000000E+02
 9.6000000000E+02
 9.4800000000E+02
 9.2400000000E+02
 9.3100000000E+02
 8.5600000000E+02
 8.4100000000E+02
 8.2000000000E+02
 7.8400000000E+02
 8.2900000000E+02
 8.2100000000E+02
 8.2700000000E+02
 8.0400000000E+02
 8.5300000000E+02
 8.6500000000E+02
 8.5100000000E+02
 8.5300000000E+02
 8.3600000000E+02
 8.7300000000E+02
 8.1800000000E+02
 7.8600000000E+02
 7.9800000000E+02
 7.9900000000E+02
 7.7900000000E+02
 7.7200000000E+02
 7.5800000000E+02
 7.9800000000E+02
 1.1150000000E+03
 9.8600000000E+02
 6.1300000000E+02
 6.4200000000E+02
 7.3400000000E+02
 7.8000000000E+02
 7.8200000000E+02
 7.8300000000E+02
 7.9500000000E+02
 8.0000000000E+02
 8.0900000000E+02
 8.4000000000E+02
 8.5100000000E+02
 9.1700000000E+02
 9.2300000000E+02
 9.4200000000E+02
 9.2600000000E+02
 8.9400000000E+02
 8.4600000000E+02
 8.1400000000E+02
 8.0200000000E+02
 7.9100000000E+02
 7.7700000000E+02
 7.6400000000E+02
 7.9800000000E+02
 7.8800000000E+02
 8.0900000000E+02
 8.2000000000E+02
 8.3100000000E+02
 8.0300000000E+02
 8.2400000000E+02
 8.4100000000E+02
 8.0900000000E+02
 7.8900000000E+02
 7.6600000000E+02
 7.5500000000E+02
 7.5000000000E+02
 7.3400000000E+02
 7.4600000000E+02
 7.5000000000E+02
 1.0110000000E+03
 1.1260000000E+03
 5.9400000000E+02
 5.6700000000E+02
 6.6800000000E+02
 7.0600000000E+02
 7.0900000000E+02
 7.3100000000E+02
 7.1700000000E+02
 7.4500000000E+02
 7.4600000000E+02
 7.5600000000E+02
 7.7700000000E+02
 8.2000000000E+02
 8.4900000000E+02
 8.7600000000E+02
 8.3100000000E+02
 8.0800000000E+02
 7.7000000000E+02
 7.5000000000E+02
 7.2100000000E+02
 6.9500000000E+02
 6.9300000000E+02
 6.8900000000E+02
 7.0600000000E+02
 7.1600000000E+02
 6.8600000000E+02
 7.3400000000E+02
 7.2400000000E+02
 7.2000000000E+02
 7.5000000000E+02
 7.1900000000E+02
 7.0000000000E+02
 6.7600000000E+02
 6.5600000000E+02
 6.4200000000E+02
 6.2800000000E+02
 6.0700000000E+02
 6.4700000000E+02
 5.8400000000E+02
 7.3700000000E+02
 1.1300000000E+03
 7.2700000000E+02
 4.4400000000E+02
 5.3300000000E+02
 5.9400000000E+02
 6.0500000000E+02
 5.8600000000E+02
 6.2500000000E+02
 6.2900000000E+02
 6.2800000000E+02
 6.5200000000E+02
 6.5600000000E+02
 7.0200000000E+02
 7.2300000000E+02
 7.6500000000E+02
 7.5300000000E+02
 7.3000000000E+02
 6.8800000000E+02
 6.5900000000E+02
 6.2700000000E+02
 6.0300000000E+02
 5.9700000000E+02
 5.9700000000E+02
 5.6700000000E+02
 5.9300000000E+02
 5.8600000000E+02
 5.9400000000E+02
 5.9300000000E+02
 6.0000000000E+02
 5.8500000000E+02
 6.1700000000E+02
 5.9000000000E+02
 5.8500000000E+02
 5.5400000000E+02
 5.0400000000E+02
 5.2600000000E+02
 5.1900000000E+02
 5.1500000000E+02
 5.0100000000E+02
 4.8500000000E+02
 7.4500000000E+02
 8.6200000000E+02
 3.3400000000E+02
 2.9600000000E+02
 4.1400000000E+02
 4.6400000000E+02
 4.7700000000E+02
 4.6700000000E+02
 4.6900000000E+02
 4.7900000000E+02
 4.7700000000E+02
 5.0100000000E+02
 5.0500000000E+02
 5.4200000000E+02
 5.6400000000E+02
 5.7400000000E+02
 5.6400000000E+02
 5.2800000000E+02
 5.0000000000E+02
 4.6200000000E+02
 4.3300000000E+02
 3.8800000000E+02
 3.8000000000E+02
 3.7200000000E+02
 3.8400000000E+02
 4.0100000000E+02
 4.2100000000E+02
 4.1200000000E+02
 4.3300000000E+02
 4.3500000000E+02
 4.0200000000E+02
 4.3000000000E+02
 3.9100000000E+02
 4.0700000000E+02
 3.7500000000E+02
 3.4100000000E+02
 3.2900000000E+02
 3.1800000000E+02
 3.0500000000E+02
 3.0800000000E+02
 3.5700000000E+02
 6.8600000000E+02
 6.3700000000E+02
 1.6400000000E+02
 1.5100000000E+02
 2.3300000000E+02
 2.7600000000E+02
 2.7800000000E+02
 2.9000000000E+02
 3.0200000000E+02
 2.8800000000E+02
 3.1500000000E+02
 3.3400000000E+02
 3.4700000000E+02
 3.6800000000E+02
 4.2500000000E+02
 4.3600000000E+02
 4.1400000000E+02
 3.6900000000E+02
 3.5200000000E+02
 3.2100000000E+02
 2.9400000000E+02
 2.6600000000E+02
 2.6200000000E+02
 2.7000000000E+02
 2.8800000000E+02
 2.7200000000E+02
 2.9800000000E+02
 3.1800000000E+02
 3.2400000000E+02
 3.1900000000E+02
 3.2300000000E+02
 3.2800000000E+02
 3.1100000000E+02
 2.9100000000E+02
 2.7700000000E+02
 2.5800000000E+02
 2.3600000000E+02
 2.3600000000E+02
 2.5800000000E+02
 2.5200000000E+02
 2.7300000000E+02
 6.2600000000E+02
 6.7700000000E+02
 8.2000000000E+01
 1.0200000000E+02
 2.1000000000E+02
 2.3300000000E+02
 2.0100000000E+02
 2.4400000000E+02
 2.5400000000E+02
 3.2200000000E+02
 3.1100000000E+02
 3.2400000000E+02
 3.5800000000E+02
 3.8200000000E+02
 4.5100000000E+02
 4.4900000000E+02
 4.3600000000E+02
 3.8600000000E+02
 3.9000000000E+02
 3.2400000000E+02
 3.3000000000E+02
 2.7400000000E+02
 3.3400000000E+02
 3.2700000000E+02
 3.1200000000E+02
 3.4900000000E+02
 3.2900000000E+02
 3.1800000000E+02
 3.5000000000E+02
 3.4900000000E+02
 3.5600000000E+02
 3.5500000000E+02
 3.7300000000E+02
 3.6300000000E+02
 3.0600000000E+02
 3.1900000000E+02
 2.8000000000E+02
 3.2500000000E+02
 2.8900000000E+02
 3.0000000000E+02
 3.0900000000E+02
 4.9200000000E+02
 7.0700000000E+02
 2.0100000000E+02
 1.1000000000E+02
 2.3800000000E+02
 2.9600000000E+02
 2.9700000000E+02
 3.0800000000E+02
 2.8800000000E+02
 3.2000000000E+02
 3.3400000000E+02
 3.5600000000E+02
 3.8300000000E+02
 4.0200000000E+02
 4.5700000000E+02
 4.5900000000E+02
 4.4400000000E+02
 4.2800000000E+02
 4.0000000000E+02
 3.3500000000E+02
 3.2400000000E+02
 3.1800000000E+02
 3.1900000000E+02
 2.8800000000E+02
 3.3100000000E+02
 3.3700000000E+02
 3.4000000000E+02
 3.6700000000E+02
 3.6400000000E+02
 3.8800000000E+02
 3.8400000000E+02
 3.8900000000E+02
 4.1300000000E+02
 3.9600000000E+02
 3.9800000000E+02
 3.5200000000E+02
 3.6800000000E+02
 3.4000000000E+02
 3.4900000000E+02
 3.3500000000E+02
 3.7500000000E+02
 5.7400000000E+02
 7.8100000000E+02
 3.1900000000E+02
 2.0300000000E+02
 3.2300000000E+02
 3.8300000000E+02
 4.0500000000E+02
 3.9000000000E+02
 4.3100000000E+02
 4.4400000000E+02
 4.6100000000E+02
 4.3300000000E+02
 5.0600000000E+02
 5.4900000000E+02
 5.8300000000E+02
 6.2900000000E+02
 5.8800000000E+02
 5.8800000000E+02
 5.4200000000E+02
 5.1600000000E+02
 4.8600000000E+02
 4.9200000000E+02
 4.7300000000E+02
 5.0000000000E+02
 4.9700000000E+02
 5.3900000000E+02
 5.3200000000E+02
 5.1900000000E+02
 5.4800000000E+02
 5.8000000000E+02
 5.6500000000E+02
 5.9300000000E+02
 5.6400000000E+02
 5.7400000000E+02
 5.6000000000E+02
 5.0700000000E+02
 5.2300000000E+02
 5.2100000000E+02
 5.3200000000E+02
 5.3200000000E+02
 5.2000000000E+02
 6.8800000000E+02
 9.6400000000E+02
 5.8900000000E+02
 3.6500000000E+02
 4.5500000000E+02
 5.3900000000E+02
 5.4500000000E+02
 5.4400000000E+02
 5.7100000000E+02
 5.6300000000E+02
 5.8300000000E+02
 5.8600000000E+02
 6.1400000000E+02
 6.5400000000E+02
 6.9500000000E+02
 7.0200000000E+02
 7.1400000000E+02
 6.8200000000E+02
 6.5400000000E+02
 6.2800000000E+02
 5.9500000000E+02
 5.7200000000E+02
 5.4800000000E+02
 5.6500000000E+02
 5.4000000000E+02
 5.6100000000E+02
 5.6400000000E+02
 5.9000000000E+02
 5.7400000000E+02
 6.0400000000E+02
 6.0900000000E+02
 6.0400000000E+02
 5.9800000000E+02
 5.5600000000E+02
 5.8900000000E+02
 5.6100000000E+02
 5.4200000000E+02
 5.1900000000E+02
 5.1900000000E+02
 5.3500000000E+02
 5.3700000000E+02
 5.2100000000E+02
 8.0900000000E+02
 8.6000000000E+02
 3.6200000000E+02
 3.6500000000E+02
 4.6300000000E+02
 4.9400000000E+02
 4.7800000000E+02
 4.9400000000E+02
 5.2400000000E+02
 5.1400000000E+02
 5.0000000000E+02
 5.2500000000E+02
 5.6300000000E+02
 5.9900000000E+02
 6.0700000000E+02
 6.3700000000E+02
 6.2100000000E+02
 5.9500000000E+02
 5.5700000000E+02
 5.1600000000E+02
 4.9000000000E+02
 4.6200000000E+02
 4.5200000000E+02
 4.5700000000E+02
 4.6700000000E+02
 4.9200000000E+02
 4.9200000000E+02
 4.8800000000E+02
 4.9400000000E+02
 5.1700000000E+02
 5.0000000000E+02
 5.1300000000E+02
 5.0600000000E+02
 4.9400000000E+02
 4.6200000000E+02
 4.1400000000E+02
 4.2400000000E+02
 4.2500000000E+02
 4.2400000000E+02
 4.1400000000E+02
 4.0300000000E+02
 5.5500000000E+02
 6.9500000000E+02
 6.6800000000E+02
 6.7800000000E+02
